From 11,400 Tweets
There are 814453 characters in total.

A: 59596 (7.3173037%)
B: 11968 (1.4694525%)
C: 32654 (4.0093164%)
D: 24406 (2.9966125%)
E: 82549 (10.135514%)
F: 15802 (1.940198%)
G: 17175 (2.1087773%)
H: 44761 (5.495836%)
I: 50613 (6.214355%)
J: 2735 (0.33580822%)
K: 10059 (1.235062%)
L: 30312 (3.7217617%)
M: 18302 (2.2471523%)
N: 49959 (6.1340556%)
O: 68211 (8.375069%)
P: 26094 (3.2038682%)
Q: 2457 (0.30167487%)
R: 46994 (5.7700076%)
S: 58376 (7.16751%)
T: 92924 (11.409375%)
U: 22731 (2.790953%)
V: 8514 (1.0453641%)
W: 14138 (1.735889%)
X: 3583 (0.43992716%)
Y: 16723 (2.0532799%)
Z: 2817 (0.3458763%)